0.00000000 1.62480000
0.03151036 1.63460000
0.06302072 1.66220000
0.09453108 1.70050000
0.12604144 1.72530000
0.12604144 1.72520000
0.14423396 1.72890000
0.16242647 1.73960000
0.18061899 1.75710000
0.19881150 1.78070000
0.19881150 1.78060000
0.23519653 1.72530000
0.27158156 1.67380000
0.30796659 1.63800000
0.34435162 1.62480000
0.34435162 1.62480000
0.56279689 1.42680000
0.78124217 1.00010000
0.99968744 0.62130000
1.21813272 0.47450000
1.21813272 0.47450000
1.24964308 0.48620000
1.28115344 0.51880000
1.31266380 0.56320000
1.34417416 0.59120000
1.34417416 0.59120000
1.36236667 0.59530000
1.38055919 0.60730000
1.39875170 0.62660000
1.41694422 0.65230000
1.41694422 0.65230000
1.45332925 0.59120000
1.48971427 0.53250000
1.52609931 0.49010000
1.56248434 0.47450000
1.56248434 0.59120000
1.78092961 0.73620000
1.99937489 1.10980000
2.21782016 1.53020000
2.43626544 1.72520000
2.43626544 0.65230000
2.65471071 0.79670000
2.87315599 1.16880000
3.09160126 1.58690000
3.31004654 1.78070000
