0.00000000 0.00000000
0.03151036 -0.00010000
0.06302072 -0.00010000
0.09453108 -0.00010000
0.12604144 -0.00010000
0.12604144 -0.00010000
0.14423396 -0.00010000
0.16242647 -0.00010000
0.18061899 -0.00010000
0.19881150 -0.00010000
0.19881150 -0.00010000
0.23519653 -0.00010000
0.27158156 -0.00020000
0.30796659 -0.00020000
0.34435162 0.00000000
0.34435162 0.00000000
0.56279689 -0.14020000
0.78124217 -0.45510000
0.99968744 -0.74400000
1.21813272 -0.85780000
1.21813272 -0.85780000
1.24964308 -0.85790000
1.28115344 -0.85790000
1.31266380 -0.85780000
1.34417416 -0.85780000
1.34417416 -0.85780000
1.36236667 -0.85780000
1.38055919 -0.85780000
1.39875170 -0.85780000
1.41694422 -0.85780000
1.41694422 -0.85780000
1.45332925 -0.85790000
1.48971427 -0.85790000
1.52609931 -0.85790000
1.56248434 -0.85780000
1.56248434 -0.85780000
1.78092961 -0.74400000
1.99937489 -0.45510000
2.21782016 -0.14030000
2.43626544 -0.00010000
2.43626544 -0.85780000
2.65471071 -0.74400000
2.87315599 -0.45510000
3.09160126 -0.14030000
3.31004654 -0.00010000
